Commodity,h1,h2,h3,h4,h5,h6,h7,h8,h9,h10,h11,h12
Bananas,1.05,1.098,1.13,1.134,1.089,1.063,1.038,1.016,0.998,1.004,1.024,1.053
Oranges,1.018,0.966,0.939,0.957,0.981,0.992,0.993,0.998,0.997,0.991,0.985,0.975
Cotton,1.034,1.048,1.049,1.041,1.058,1.069,1.059,1.047,1.049,1.037,1.025,1.031
Rice,1.057,1.017,1.006,1.008,1.009,1.001,1.006,1.004,1.01,1.013,1.014,1.002
Lamb,0.991,0.997,1.002,0.992,0.964,0.961,0.967,0.975,0.982,0.985,0.987,0.986
Hides,0.974,0.984,0.993,0.999,1.012,1.017,1.02,1.031,1.043,1.05,1.054,1.057
Fishmeal,0.992,0.992,0.996,0.986,0.986,0.988,0.985,0.985,0.989,0.993,1.002,0.993
Groundnut Oil,1.021,1.023,1.02,1.019,1.026,1.037,1.043,1.042,1.038,1.038,1.042,1.04
Groundnuts,0.994,0.993,0.992,0.993,0.993,0.996,0.997,0.996,0.999,0.998,0.995,0.99
Olive Oil,1.026,1.001,0.991,0.986,0.994,0.991,0.984,0.983,0.976,0.978,0.983,0.984
Palm Oil,1.036,1.03,1.014,1.014,1.014,1.017,1.015,1.013,1.006,1.001,1.002,1.01
Rapeseed Oil,0.981,0.988,1.002,0.999,1.002,1.004,1.011,1.006,1.004,1.005,0.992,0.994
Soybean Oil,0.988,1.004,1.017,1.016,1.027,1.024,1.027,1.027,1.029,1.026,1.024,1.022
Rubber,1.042,1.033,1.026,1.029,1.037,1.054,1.056,1.06,1.06,1.048,1.057,1.058
Hard Sawnwood,1.004,0.997,0.984,0.966,0.971,0.977,0.981,0.986,0.977,0.983,0.98,0.985
Plywood,1.003,0.978,0.984,0.983,0.974,0.976,0.972,0.975,0.976,0.975,0.979,0.967
Soft Logs,1.006,1.014,1.005,0.993,0.996,1.001,0.999,0.973,0.984,0.988,1.001,0.984
Soft Sawnwood,0.974,0.986,0.993,1.059,1.092,1.076,1.042,1.047,1.039,1.024,1.014,1.04
Diammonium Phosphate,1.009,1.008,1.017,1.024,1.011,1.007,1.003,1.013,1.018,1.025,1.023,1.027
Urea,1.021,1.011,1.033,1.041,1.054,1.035,1.046,1.02,1.048,1.059,1.038,1.035
Aluminum,1.04,1.021,1.004,1.019,1.01,1.002,1.001,0.999,0.991,0.988,0.99,0.995
Gold,0.957,0.985,0.999,0.996,0.992,0.992,0.993,1,1.001,1,1,0.998
Lead,1.036,1.023,1.036,1.028,1.013,1.024,1.016,1.026,1.026,1.015,1.01,1.015
Platinum,1.019,1.005,1.008,1.005,0.999,0.986,0.992,1.001,0.991,0.987,0.983,0.982
Uran,1.023,0.999,0.988,0.987,0.961,0.975,0.995,1.027,1.042,1.045,1.047,1.042
